1 0.6390119198113208 0.46201839928057553 0.6446749528301886 0.46978461870503596 0.6468757500000001 0.4826891115107913 0.6776316886792453 0.4958520611510791 0.6997329174528302 0.6021114568345324 0.7155945448113207 0.5855468417266187 0.7251261438679245 0.607745737410072 0.7226551721698113 0.635158928057554 0.7290150377358491 0.684316118705036 0.7617474882075471 0.7159804568345324 0.7717318396226415 0.7119441366906475 0.7601387995283019 0.6359054820143885 0.9426473655660377 0.5949872841726619 0.9547151533018867 0.6436685791366906 0.9729288018867924 0.6123944820143885 0.9678625825471698 0.5691221115107914 0.9423790896226415 0.5451161690647481 0.9286553066037735 0.43776050719424464 0.9138187712264151 0.4141385071942446 0.9028784528301887 0.3429536870503597 0.8566053183962263 0.2532300107913669 0.8532131721698113 0.20589242805755395 0.8392845849056604 0.20205374100719425 0.8496859764150944 0.27927145323741004 0.8392518136792452 0.2903178705035971 0.8267601556603774 0.18352359712230215 0.8103761768867924 0.2189743417266187 0.808686 0.29886253597122303 0.7402453160377358 0.32864844604316545 0.6466697900943397 0.3394172625899281 0.6208425400943396 0.31036511870503597 0.6204484693396226 0.33732336690647485 0.6259140990566038 0.36075873021582733 0.6390119198113208 0.46201839928057553
1 0.9364274551886792 0.43193875899280576 0.9505460613207547 0.41091891726618707 0.9654160801886792 0.4054207589928057 0.9573323915094339 0.38627644604316547 0.9405065825471698 0.37203494964028777 0.9244896155660377 0.3680737985611511 0.9203660660377359 0.37196492086330935 0.9301183726415094 0.43705558992805754 0.9364274551886792 0.43193875899280576
1 0.8896015589622641 0.06199045323741008 0.9006618514150944 0.06778432733812949 0.9118458985849056 0.07429806115107913 0.9240689834905661 0.0492163345323741 0.8715304056603773 0.04641810431654676 0.8743513938679245 0.054126507194244604 0.8896015589622641 0.06199045323741008
0 0.6671363514150943 0.12814116187050362 0.658867016509434 0.0703721402877698 0.6514387405660378 0.07273942446043166 0.6560699080188679 0.10244034532374101 0.6582049410377359 0.13971926618705038 0.6634776698113207 0.17038984532374102 0.6661841485849057 0.19718178057553956 0.6684570495283019 0.21592726978417265 0.6738993254716982 0.2102943633093525 0.6718760683962264 0.19852542086330935 0.6700323443396226 0.18227637769784172 0.6696841297169812 0.1664398705035971 0.6679750518867925 0.14683074820143885 0.6671363514150943 0.12814116187050362
0 0.7579555801886793 0.1021614964028777 0.7509441132075472 0.1075648597122302 0.7472050801886793 0.13777690647482013 0.7413951037735849 0.17037634892086329 0.7417669858490566 0.1768696438848921 0.7502944905660377 0.17306794964028777 0.7522624221698113 0.16142112230215827 0.7554088396226415 0.14796914388489207 0.7563000589622642 0.12572915107913668 0.7592073490566037 0.11232955395683454 0.7579555801886793 0.1021614964028777
0 0.9074229457547169 0.5629175035971222 0.9111474976415095 0.5625556474820144 0.9262526438679245 0.5860333309352519 0.9290303136792454 0.5954130503597123 0.9347749551886793 0.5932466798561151 0.928151804245283 0.5733591115107913 0.9153931721698113 0.5584475863309352 0.9064343113207547 0.5436117338129497 0.8960974103773586 0.5377038848920864 0.8907529716981132 0.5252543525179857 0.8854340849056604 0.5214253633093525 0.880792162735849 0.5215341582733812 0.8779540283018867 0.5067195899280575 0.8694921839622642 0.5049410863309353 0.8653512334905661 0.4994920503597122 0.8530788183962265 0.4840200071942446 0.846160195754717 0.4691912517985612 0.8392617287735848 0.456174107913669 0.8332309740566038 0.4515930431654676 0.8302787594339622 0.4581418201438849 0.8311061580188679 0.46295466187050355 0.8483818301886792 0.48550288489208626 0.8575663514150944 0.5016513309352518 0.8686957382075472 0.5155577230215828 0.8766821674528301 0.5315146007194245 0.8911103537735848 0.5510545 0.8979980188679246 0.5504537769784172 0.9020234433962264 0.5518420503597122 0.9074229457547169 0.5629175035971222
0 0.9291963466981131 0.5126723417266187 0.9248089103773586 0.5096198093525179 0.9167619952830188 0.524226 0.9083291485849057 0.532093607913669 0.9032732594339623 0.541629654676259 0.9013852948113208 0.5396350539568345 0.9042350589622642 0.5442284964028777 0.9084051933962264 0.5445191115107914 0.9112145518867925 0.5398901223021583 0.922740554245283 0.5305422410071943 0.9296179127358492 0.5226140035971224 0.9291963466981131 0.5126723417266187
0 0.7455358844339622 0.25922080215827337 0.7448062759433962 0.250614964028777 0.7339664764150944 0.2529894100719425 0.7333285990566039 0.2689073201438849 0.7324711462264151 0.2813670611510792 0.727728966981132 0.2864964712230216 0.7273745919811321 0.29533975179856115 0.7320718419811321 0.2943108237410072 0.7356332216981132 0.28885569424460433 0.7383042594339623 0.28476433812949636 0.7402007594339622 0.2761676330935252 0.7379480235849057 0.26088291726618706 0.7455358844339622 0.25922080215827337
0 0.6438815094339623 0.3351578381294964 0.6360939363207547 0.32114525539568345 0.6252000589622642 0.31252864028776983 0.6197329764150943 0.31005856115107916 0.6196989221698113 0.32159288129496405 0.6228114575471698 0.32405477338129496 0.6281979669811321 0.33387776978417266 0.6356383183962264 0.34587062230215826 0.6450332429245283 0.3438126726618705 0.6559844316037736 0.3429856690647482 0.6583032547169811 0.32518744244604314 0.6565035943396227 0.31667453956834535 0.6518472547169811 0.32869741366906474 0.6438815094339623 0.3351578381294964
0 0.6966656603773584 0.2990661223021583 0.6913687759433962 0.3027469676258993 0.6909934693396226 0.3099707949640288 0.6882940778301886 0.3130826618705036 0.6889254716981132 0.3230266330935252 0.680918804245283 0.332382190647482 0.6788698490566039 0.3319508309352518 0.6826828349056603 0.33531654676258993 0.6913751108490567 0.3325723201438849 0.6946263042452829 0.32639891366906476 0.6959846556603774 0.31391861870503596 0.6990966509433962 0.30693551798561153 0.6966656603773584 0.2990661223021583
0 0.7140849929245283 0.43497164388489207 0.7222249740566038 0.41782793525179857 0.7263867924528302 0.40859593525179855 0.7313608844339623 0.39214570863309356 0.7355719174528302 0.37842274100719425 0.7414227193396226 0.3694607985611511 0.7453800754716982 0.3685939460431655 0.741492728773585 0.3579249712230216 0.7409417452830188 0.3618858309352518 0.7326881132075472 0.36881400000000003 0.7304273490566038 0.3795496510791367 0.7279260966981133 0.3864978273381295 0.7207328396226416 0.3995939928057554 0.7167338820754717 0.41455056115107913 0.7098795353773585 0.42245226978417266 0.7078024339622642 0.4318676438848921 0.7140849929245283 0.43497164388489207
0 0.6949344221698114 0.4430067230215827 0.7022413301886792 0.4401260971223021 0.6978806226415094 0.43148089928057554 0.688856320754717 0.431537582733813 0.6802069575471699 0.4385524316546762 0.6765261108490567 0.4553594028776978 0.6761379905660377 0.46504483093525184 0.6798056485849057 0.4648814604316546 0.6818543396226415 0.45291220503597124 0.6861506061320755 0.44685089208633094 0.6949344221698114 0.4430067230215827
0 0.7091710731132076 0.3121535863309352 0.71303025 0.3138971978417266 0.7149910660377358 0.3253029316546762 0.721912837264151 0.32415657194244607 0.717375228773585 0.3129454352517985 0.7145653561320755 0.30764330575539567 0.7087377429245283 0.30411177338129497 0.7002480283018868 0.3085603956834533 0.7002808632075471 0.3115120179856115 0.7091710731132076 0.3121535863309352
0 0.7424052311320755 0.4230632086330935 0.7364617783018867 0.44572603237410074 0.7426062641509433 0.4487618129496403 0.74669925 0.42759976618705037 0.753459391509434 0.4096874928057554 0.7604318490566039 0.40323074100719425 0.7520961509433963 0.39331276258992803 0.7484151132075472 0.398742690647482 0.7424052311320755 0.4230632086330935
0 0.7669329787735849 0.5497470323741007 0.7779750306603774 0.5500335755395683 0.7924557853773585 0.5265718705035971 0.809973875 0.5123642553956834 0.8064883396226415 0.5005030467625899 0.8043127382075471 0.4996269676258993 0.8030135283018868 0.5021659712230215 0.7925397735849056 0.5152814136690648 0.7827329599056604 0.5255454676258993 0.770198337264151 0.5418176402877698 0.7630192547169812 0.5370778561151079 0.757881016509434 0.5273822086330936 0.7518024221698113 0.5273610719424461 0.7605355613207547 0.5461886690647482 0.7669329787735849 0.5497470323741007
0 0.44455053773584907 1 0.4450198349056604 0.9840319316546763 0.4502494693396227 0.9772844640287771 0.45614569811320754 0.9697685539568346 0.46863237971698113 0.9564519532374101 0.4768377594339623 0.9484302194244605 0.49010156603773586 0.9442799244604316 0.503949070754717 0.9319101115107914 0.5006841839622642 0.9245336223021583 0.48642418867924525 0.9345040539568346 0.48170276415094343 0.9349158381294965 0.46292758962264147 0.9464977482014388 0.4544957382075472 0.960171010791367 0.44682619811320756 0.9643407553956834 0.4460767075471698 0.9576581402877699 0.4388951533018868 0.9623434316546763 0.43731525943396227 0.976383082733813 0.4316731391509434 0.9807311618705036 0.4208216061320755 0.9849754856115108 0.41104916037735845 0.9908507446043165 0.40647271462264145 1 0.418160641509434 1 0.4215987287735849 0.9941417841726619 0.43091082311320755 0.9902346762589928 0.4374736485849056 0.981950309352518 0.4386632594339623 0.9935159928057554 0.43821704481132073 1 0.44455053773584907 1
0 0.5760697452830188 0.9166473165467626 0.5747849268867925 0.9124882050359712 0.5706323301886792 0.9165062158273382 0.5593752193396226 0.9189720755395683 0.563793233490566 0.9264413453237411 0.576015891509434 0.9179912733812949 0.5760697452830188 0.9166473165467626
1 0.5100994811320755 0.9057869424460432 0.5058391698113207 0.9124928669064748 0.5037662169811321 0.9302650647482015 0.5098066179245283 0.9289419208633094 0.5296934811320755 0.9352430251798561 0.5412160070754717 0.9442644388489209 0.5515955660377359 0.9433229712230216 0.5576306886792454 0.9353401690647482 0.5616702900943397 0.9273504280575541 0.556923858490566 0.9212852589928058 0.5522562759433962 0.9223076870503598 0.5475204056603774 0.9295618381294963 0.5423181273584905 0.9258167913669065 0.5375072735849057 0.9077762697841727 0.524416216981132 0.906203309352518 0.5100994811320755 0.9057869424460432
0 0.4548055070754717 0.8526230431654676 0.4743533820754717 0.8470089316546763 0.48467908726415093 0.8474114244604316 0.488293125 0.856833025179856 0.4920740117924528 0.8688823992805755 0.49609003537735846 0.8773278345323742 0.50344025 0.8885953561151079 0.509701358490566 0.8885560287769784 0.5026795636792453 0.8758844028776979 0.49846254481132074 0.8679270503597122 0.4923432924528302 0.8621626007194245 0.4894543820754717 0.843701071942446 0.47981966037735846 0.8373745179856116 0.4671503066037736 0.8365972949640288 0.4516867405660377 0.8444251187050359 0.4548055070754717 0.8526230431654676
0 0.4625578183962264 0.7286289928057554 0.45548184905660377 0.7468222733812949 0.4508721297169811 0.7600371079136691 0.4452327523584905 0.7631216618705036 0.44980758962264156 0.7828312014388489 0.4510539150943396 0.7969823848920864 0.4570609481132076 0.7960363992805756 0.4525550047169811 0.7670654964028777 0.45876990094339626 0.759046809352518 0.46190138679245285 0.7468954820143885 0.4667233679245283 0.7321547446043165 0.4703734952830189 0.7202596582733812 0.47153654952830193 0.7063204064748202 0.47648107783018867 0.6922925251798562 0.4814540495283019 0.6756694604316547 0.48751795518867924 0.6695331043165468 0.49282251886792455 0.6672615899280575 0.4988984433962264 0.6570542410071942 0.5036022735849057 0.6471474496402878 0.5098368089622641 0.6254399748201439 0.5106037735849057 0.6119573345323741 0.5104439834905661 0.6027460611510791 0.5076997900943396 0.6033471762589928 0.5060990094339622 0.6036978273381295 0.5042827452830189 0.6207389712230216 0.5010615448113208 0.6351290575539569 0.4966192358490566 0.6479373741007194 0.49054331132075474 0.658144726618705 0.48022854009433963 0.6685408848920863 0.47190302358490566 0.6877475791366906 0.46644424999999995 0.7070660179856115 0.4625578183962264 0.7286289928057554
0 0.4647854150943396 0.6918956402877698 0.4589710094339623 0.7050045143884892 0.45219701415094343 0.7194331366906475 0.4443901367924528 0.7388960755395683 0.43897182075471697 0.7515483309352518 0.432985608490566 0.7595169208633094 0.4375308301886792 0.7611102517985612 0.44421950943396227 0.754467190647482 0.4483554386792453 0.7398767302158273 0.45666894103773586 0.7247410323741007 0.4596165990566038 0.7115204136690647 0.4709105966981132 0.6861157122302158 0.4736415919811321 0.6688741978417266 0.47856970518867925 0.6533705107913669 0.4835919316037736 0.6411748705035971 0.4874707429245283 0.6292296870503596 0.4910103372641509 0.6125507517985611 0.4991071721698113 0.5933941510791366 0.5002417900943397 0.582050082733813 0.49824051886792453 0.57731054676259 0.49276854716981133 0.5799885827338129 0.4864967759433962 0.5931976402877698 0.48353269811320754 0.6049424460431655 0.48163873820754716 0.6201513561151079 0.47669860613207543 0.639726035971223 0.4729543655660377 0.6483130827338129 0.47074200943396227 0.6658108381294965 0.46972994575471694 0.6778677625899281 0.4647854150943396 0.6918956402877698
0 0.3486452948113207 0.756170381294964 0.3316210283018868 0.7661870000000001 0.33676258254716984 0.769868809352518 0.36909218632075474 0.7550201690647482 0.37555218396226414 0.7484271978417266 0.3691282452830189 0.7428071870503596 0.3673928962264151 0.7465159748201439 0.3486452948113207 0.756170381294964
0 0.36731353301886793 0.800734607913669 0.3707000400943396 0.7925110395683453 0.3814600636792453 0.7957653848920864 0.3881515330188679 0.7980405035971223 0.39432145990566037 0.799027035971223 0.388812820754717 0.8053774064748201 0.3837275 0.810699834532374 0.3862785047169811 0.8185580143884892 0.3927887099056604 0.8110530323741008 0.40330519339622645 0.7989295971223022 0.41016124056603775 0.7899460287769784 0.41724970283018864 0.7823143776978417 0.4237502712264151 0.7869693633093525 0.4275241367924528 0.7809989892086331 0.4334145683962264 0.7698888920863309 0.4278229009433962 0.768775690647482 0.42509212028301885 0.7773232302158273 0.41950045283018866 0.7762100359712231 0.4152977146226415 0.7761954208633094 0.4112706745283019 0.7789479820143885 0.40855509433962267 0.7823484820143884 0.3965036533018868 0.7874802122302158 0.3892306580188679 0.7879638021582733 0.38584527358490567 0.7875958165467626 0.3767876698113207 0.7873607697841727 0.3724711320754717 0.7857173453237409 0.36446723113207546 0.7874705935251798 0.3629649622641509 0.7966760899280576 0.36115631603773585 0.8040994388489209 0.3584165212264151 0.8102473525179856 0.3575762641509434 0.8274445575539568 0.3492255283018868 0.8340818417266187 0.34194051179245283 0.8386364244604316 0.34753123820754717 0.8462175791366907 0.35173397641509435 0.8462321942446044 0.35916828066037737 0.8371219568345324 0.36290062500000003 0.8274197985611511 0.3653630353773585 0.8208014820143885 0.3666841273584906 0.8092894604316547 0.36731353301886793 0.800734607913669
0 0.36614566037735846 1 0.36906063443396225 0.9939137050359713 0.3742509386792453 0.9912218992805755 0.38023090566037737 0.9873205323741007 0.383687 0.9803439820143884 0.38857368632075473 0.9720174712230216 0.39235024764150944 0.9649707158273382 0.3896714811320755 0.9551916654676258 0.3814145683962264 0.9709942086330936 0.37372956367924526 0.9804519820143885 0.36642788207547167 0.9882709064748201 0.36346399056603773 0.9961762302158272 0.36431931839622644 1 0.36614566037735846 1
0 0.2570436485849057 0.8303752949640288 0.2504518891509434 0.7939928345323741 0.24392677594339623 0.7906711474820144 0.25065496698113204 0.8420374820143885 0.25528653537735846 0.8475767589928057 0.2610912641509434 0.8843992913669064 0.26469157547169814 0.888526010791367 0.2690432523584906 0.9031380935251799 0.27581850943396224 0.9073885647482014 0.2865333962264151 0.9177395 0.29361105896226414 0.9195580143884892 0.2933436839622642 0.9101599892086331 0.28688728537735847 0.907896690647482 0.2810572429245283 0.903394726618705 0.27464123820754716 0.8974450179856115 0.26498766273584906 0.8785449712230216 0.2570436485849057 0.8303752949640288
0 0.4099366462264151 0.08761652877697843 0.40854984905660374 0.10013218705035971 0.41299941273584906 0.09955144604316546 0.41428596933962264 0.08351236330935251 0.41329762264150943 0.06600194244604317 0.4117965283018868 0.0572703273381295 0.4076860943396226 0.055413194244604315 0.4099366462264151 0.08761652877697843
0 0.3973361580188679 0.09077058633093525 0.3933703089622641 0.10739656834532374 0.3934496297169811 0.12550003956834532 0.3962828820754717 0.1552121474820144 0.4012545683962264 0.15766849280575537 0.400044820754717 0.14769126258992807 0.39749480424528305 0.12697753956834534 0.39676751886792455 0.110985654676259 0.39932439622641513 0.0993954928057554 0.4038823183962264 0.09209417985611511 0.3973361580188679 0.09077058633093525
0 0.28129407783018867 1 0.2767255 0.977275143884892 0.27193641273584906 0.9619778021582733 0.2717557617924528 0.9591327158273381 0.27079992688679244 0.9535727769784172 0.2624123608490566 0.9496407517985612 0.2693463608490566 0.9702375683453237 0.27419375707547167 0.9840798093525179 0.2767312240566038 1 0.28129407783018867 1
0 0.13814588207547168 1 0.1278371462264151 0.979087892086331 0.12202362028301886 0.967630402877698 0.11461498349056604 0.9692532589928058 0.10692495990566038 0.9664444820143885 0.10002700943396226 0.959461417266187 0.10259924056603772 0.9744236474820144 0.10286396933962264 0.9745832194244606 0.1061596391509434 0.9771899676258994 0.11421279952830188 0.9798641438848922 0.12244538443396226 0.978060798561151 0.12530600235849057 0.9877990359712231 0.13024423349056602 1 0.13814588207547168 1
0 0.08201177594339623 0.49230113669064746 0.0776261108490566 0.4769417050359713 0.07283544575471698 0.4693777014388489 0.06216381603773585 0.4699019712230216 0.05240820047169811 0.47067892446043164 0.05151770283018868 0.479034035971223 0.060097125 0.4798747410071943 0.07020815094339623 0.4794732733812949 0.0746232783018868 0.48485285251798566 0.08234311320754717 0.5094553345323741 0.08429589150943397 0.5208143237410072 0.0876595283018868 0.5200775251798561 0.08594679952830189 0.5050392589928058 0.08201177594339623 0.49230113669064746
0 0.2010815825471698 0.8060504532374101 0.19112286084905658 0.7975509424460432 0.17937187028301887 0.7945708920863309 0.17501753301886794 0.789970607913669 0.16724291745283018 0.7814199100719424 0.1573739433962264 0.7750369388489209 0.1511325070754717 0.7674321115107914 0.15256713443396225 0.7773715791366906 0.1611532146226415 0.7874534784172662 0.17091855896226416 0.7964225791366906 0.17848082075471697 0.8037380791366907 0.1861606037735849 0.8037647805755396 0.19269905188679246 0.8083138776978417 0.20011975235849055 0.8148059064748201 0.20528047405660377 0.8145299316546762 0.2010815825471698 0.8060504532374101
0 0.031088099056603775 0.3798647446043166 0.029017033018867926 0.3709844820143885 0.023124014150943395 0.3731238776978417 0.02798285141509434 0.3903031474820144 0.03428148820754717 0.43644162949640286 0.03875489622641509 0.4307947697841727 0.031379358490566035 0.3942261079136691 0.04330733254716981 0.41452385611510795 0.043475490566037736 0.4060016294964029 0.03692092216981132 0.39004235251798564 0.031088099056603775 0.3798647446043166
0 0.1341959433962264 0.12298935971223023 0.1360342075471698 0.13368221942446043 0.13893379009433962 0.13674557913669064 0.14367163443396228 0.1505017985611511 0.14740825471698113 0.15153254676258993 0.1470197853773585 0.14237137050359713 0.14412020047169813 0.1393080107913669 0.14228194103773584 0.12861515107913668 0.13938235613207547 0.12555179136690647 0.13754409433962264 0.11485893165467627 0.13464451415094342 0.11179557553956836 0.13249987264150945 0.09932056834532374 0.12563938679245282 0.1008233525179856 0.12655851650943398 0.10616978417266187 0.12945810141509434 0.10923314028776979 0.1312963608490566 0.11992599999999999 0.1341959433962264 0.12298935971223023
0 0.26035430660377357 1 0.2593554952830189 0.998257190647482 0.25522600471698115 0.9825184568345323 0.25526646226415095 0.9758522805755395 0.2512879599056604 0.9582312158273382 0.2479790896226415 0.938984071942446 0.244792766509434 0.9204497769784173 0.2408755424528302 0.9031851474820144 0.23859193396226416 0.8885214784172661 0.23701519339622643 0.8807301402877699 0.2336778820754717 0.864078179856115 0.22934374764150944 0.8402475503597122 0.21386950943396227 0.7474759136690647 0.2089674787735849 0.7189616223021583 0.20536864858490567 0.6994081366906475 0.2013244716981132 0.675883845323741 0.19647169575471699 0.6517969712230216 0.18794239622641512 0.6063243848920863 0.1805291533018868 0.5847095899280575 0.1734497429245283 0.539967 0.17020233254716982 0.5246402230215828 0.16746428301886793 0.5209553201438849 0.15327851886792454 0.4355411834532374 0.15370693632075472 0.430788309352518 0.1519529504716981 0.41913669784172664 0.14507923349056603 0.3749405287769784 0.1424083325471698 0.37182707913669066 0.12072124056603774 0.2511981330935252 0.12252988679245283 0.24377478057553958 0.11753814150943395 0.21749924460431655 0.12005365330188679 0.21694822661870505 0.11804622405660378 0.19927685611510793 0.11748481367924528 0.18175771582733813 0.11557529716981133 0.13890342805755396 0.11302893396226414 0.1035856618705036 0.1089426462264151 0.10448075899280575 0.11141002358490566 0.1358408741007194 0.11296480896226414 0.19273379496402876 0.11535454952830188 0.2066345107913669 0.11303928301886791 0.2097306258992806 0.11414542924528301 0.2188343417266187 0.11352078773584906 0.22438519784172664 0.11710868632075472 0.24525540287769787 0.11588606367924528 0.24929846762589927 0.14148598113207547 0.3816452446043166 0.14358136320754716 0.3896928273381295 0.14851183490566036 0.41561193525179857 0.14827510141509434 0.4238248525179856 0.16716113443396227 0.5423756007194245 0.17028192452830188 0.5416919964028777 0.18147241273584908 0.6054504244604316 0.18493074528301887 0.6103129280575539 0.1905793537735849 0.6412631546762589 0.21181576179245282 0.7534735503597122 0.21107283726415094 0.7588141978417265 0.2200354646226415 0.8123285935251798 0.22296466509433963 0.8335081618705036 0.23168981132075472 0.8759790431654676 0.2569691462264151 1 0.26035430660377357 1
1 0.1436155070754717 1 0.02656258254716981 0.33888886330935253 0.016453896226415094 0.28683890647482013 0.021814115566037736 0.3802829604316547 0.03044728537735849 0.4305006654676259 0.02508671226415094 0.4373337841726619 0.03250855896226415 0.5667179712230216 0.10137042216981132 0.9672758165467625 0.12023774292452831 0.9804026618705036 0.13135912735849056 1 0.1436155070754717 1
1 0.3657707382075472 1 0.36826049528301885 0.9944959352517986 0.4351472971698113 0.9280653057553957 0.47175266509433966 0.8442274820143886 0.44706221462264156 0.7627209208633093 0.4190075141509434 0.7651677661870503 0.3746166344339623 0.7416049604316547 0.35750351650943396 0.6972729460431655 0.3109298962264151 0.7093241115107913 0.2379681816037736 0.2297059892086331 0.24868548113207548 0.18852402158273382 0.2788628254716981 0.17081817625899282 0.3808729952830189 0.17066399640287772 0.4405548349056604 0.1520429784172662 0.4338145424528302 0.1128358273381295 0.4074940117924528 0.0908624892086331 0.37245862735849056 0.13552205755395683 0.3419529103773585 0.12371175899280576 0.32188011320754717 0.09667135611510791 0.3137310731132075 0.05962203956834532 0.14741545990566038 0.0960533237410072 0.16801760613207545 0.278315190647482 0.1708409929245283 0.37755649280575543 0.21679754009433963 0.6448779928057554 0.2285600613207547 0.6718895 0.2371826108490566 0.7772575251798561 0.2308747783018868 0.8026795611510791 0.21776656132075473 0.809249417266187 0.19150612500000003 0.7669211115107913 0.14856503773584906 0.7448899820143885 0.14115189150943397 0.7224735143884892 0.12340991981132075 0.750400190647482 0.162045625 0.8233042913669064 0.24764341981132076 0.8933184064748201 0.26079563443396225 0.9422165647482014 0.28750463679245286 0.973351082733813 0.294895875 1 0.3657707382075472 1