1 0.17024773845168933 0.7174108729057052 0.19027484143763213 0.6897106109324759 0.2040169133192389 0.6205787781350482 0.26955602536997886 0.6077170418006431 0.3545761169256989 0.6161751459285093 0.3731369605914846 0.6463511799313273 0.37761716423495006 0.6229890890904359 0.3763371060511029 0.6015738391529523 0.3801772806026447 0.5110457371444982 0.3763213530655391 0.5032154340836013 0.3763371060511029 0.4915773281104221 0.35095137420718814 0.4742765273311897 0.3475357969145387 0.3776871352610767 0.3308668076109937 0.3890675241157556 0.32577480778913487 0.3679529307440387 0.33217509870837136 0.3445908399031473 0.33403805496828753 0.30064308681672025 0.3097251585623679 0.26688102893890675 0.30021141649048627 0.2684887459807074 0.2988935859283418 0.3368034762895169 0.13002114164904863 0.33762057877813506 0.1267257602008815 0.2929995559628456 0.10570824524312897 0.3167202572347267 0.10359408033826638 0.3553054662379421 0.1226215644820296 0.38102893890675243 0.11840538200587415 0.47697602133486494 0.12800581838472885 0.5003381121757563 0.12684989429175475 0.5643086816720257 0.1543340380549683 0.6511254019292605 0.15010570824524314 0.6929260450160771 0.161927360256682 0.6989158843233327 0.16448747662437654 0.6298030322523626 0.17547568710359407 0.6221864951768489
1 0.11058912749121019 0.4805572558873901 0.09479068070675156 0.4961428966188732 0.08070017411520741 0.4980911017103085 0.08497002459749356 0.5162743492303719 0.09777957604435186 0.5318599899618548 0.1114430975876674 0.538354006933306 0.11571294806995354 0.5357564001447256 0.11699390321463932 0.47731024740166456
1 0.11101611253943879 0.8370787876200622 0.10802721720183851 0.8208437451914341 0.0956446508032088 0.8111027197342572 0.08667796479040792 0.8039593010656609 0.07771127877760714 0.7961664806999196 0.05380011607680497 0.8277811736418006 0.05636202636617662 0.8355739940075422
0 0.3154041453829643 0.7361164539928384 0.3137118360851348 0.7599244162286208 0.3137118360851348 0.7875931290972328 0.3099041401650186 0.820409509476284 0.30948106284056126 0.8471130346866886 0.3025002869870147 0.8477564931254936 0.30398105762261557 0.7959580888016967 0.3060964442449023 0.779549898612171 0.3075772148805031 0.762176520764438 0.30969260150278993 0.748342164330132 0.3105387561517046 0.7338643494570212 0.3105387561517046 0.72324728521674 0.31625030003187904 0.7193865345839102
0 0.24428960292463847 0.7450976837767892 0.23412008099293405 0.7723327525429985 0.22616132469855668 0.7978866442248739 0.2190868746591102 0.8012489983935418 0.21952902778657557 0.7921706421381387 0.2241716356249624 0.7810748733815348 0.22837209033588377 0.7619094546201283 0.23323577473800328 0.7508136858635245 0.23677299975772653 0.7410628587743878 0.24495283261583659 0.7393816816900538
0 0.20917523954711192 0.47364966117040486 0.19723719858040326 0.4507565942138353 0.19152770072676004 0.43496827217482176 0.1837420218354283 0.42075878233970965 0.1790706145006293 0.40536516835167147 0.16920875457160908 0.3856297658029047 0.16298021145854374 0.38484034970095393 0.1596064172723 0.38286680944607726 0.1564921457157673 0.3722096920697432 0.15311835152952358 0.37181498401876784 0.1432564916005034 0.3485272090112229 0.1422184010816592 0.3398436318897655 0.136768425857727 0.3406330479917162 0.1396231747845486 0.35918432638755704 0.1487064668244356 0.37457794037559516 0.15441596467807883 0.3891821382616827 0.16272068882883267 0.39628688317923877 0.1655754377556543 0.40812812470849885 0.1697277998310312 0.41246991326922755 0.17388016190640812 0.4132593293711782 0.17413968453611917 0.42667940310433977 0.1814063181680288 0.42983706751214246 0.18426106709485038 0.4353629802257971 0.1928253138753153 0.45115130226481065 0.19671815332098114 0.46536079209992276 0.20087051539635808 0.47799144973113367 0.2055419227311571 0.483122654393813 0.20917523954711187 0.47799144973113367
0 0.15692869846162463 0.39150731391744675 0.15096357249670908 0.3988349909159017 0.14224531147106323 0.40406904591479803 0.1328387666802349 0.4152350299124436 0.12939734785432205 0.41174565991317946 0.13054448746295966 0.4030222349150188 0.13788618095824032 0.3974392429161961 0.14958700496634394 0.39150731391744686 0.15279899587052923 0.3880179439181826 0.1564698426181696 0.3890647549179619 0.15830526599198974 0.39360093591700535
0 0.27425112382257666 0.646746986993997 0.2692404455554164 0.6503033333482453 0.26656808381293084 0.66097237241099 0.2635616768526346 0.6746897083488046 0.2535403203183139 0.6746897083488046 0.2542084107539353 0.6670689661611298 0.2612233603279598 0.6670689661611298 0.26155740554577045 0.6533516302233153 0.2645638125060667 0.6462389375148189 0.2675702194663629 0.643190640639749 0.2715787620800912 0.6391262448063224 0.27592134991163014 0.6391262448063224
0 0.3734795613453942 0.634074625049415 0.3701850343407435 0.6245088440680663 0.3653929950612516 0.6126654961863961 0.35670742386717275 0.6126654961863962 0.34682384285322093 0.6112989560462033 0.34203180357372903 0.6263308975883232 0.3423313060286973 0.6340746250494151 0.3483213551280621 0.6245088440680662 0.35640792141220456 0.6204092236474881 0.36119996069169635 0.6340746250494151 0.3695860294308071 0.6436404060307641 0.37407856625533065 0.6468289996912138 0.37587558098514007 0.6368077053298007
0 0.32298458450848067 0.6157690158492314 0.3144181208057497 0.6223778316830383 0.3134575718555387 0.6311432269264436 0.3105759250049054 0.633334575737295 0.3091351015795888 0.6395433973680407 0.30385208235342775 0.6417347461788919 0.3028915334032166 0.6344302501427207 0.306733729204061 0.6289518781155924 0.3098555132922471 0.6183603588631441 0.31369770909309147 0.6136124364396328 0.3218623751698858 0.6128819868360157 0.324744022020519 0.6165342348541013
0 0.2740264086624643 0.5786882872736615 0.2824411047896161 0.574236838910018 0.2860996683231603 0.5653339421827308 0.2893923755033502 0.5597696317281764 0.2978070716305019 0.5497538729099783 0.30366077328417274 0.5375123899099588 0.3109779003512612 0.5319480794554042 0.31427060753145103 0.5241580448190281 0.3091486185844891 0.52026302750084 0.2992704970439196 0.5336173725917706 0.2941485080969577 0.5408509761826914 0.28719723738322356 0.554205321273622 0.2813435357295528 0.5653339421827309 0.27475812136917316 0.5720111147281962 0.27109955783562883 0.5720111147281962 0.27292883960240105 0.5820268735463942
0 0.3230511600119573 0.5263837690008497 0.3310999997857546 0.5280530621372161 0.33988055226626074 0.5236016137735726 0.34573425391993157 0.5096908376371865 0.34756353568670373 0.5013443719553548 0.34427082850651397 0.5007879409098994 0.34061226497296965 0.5108036997280974 0.3358561323793621 0.5152551480917409 0.32744143625221034 0.5169244412281072 0.32049016553847626 0.5180373033190182
0 0.2915437574373249 0.6154349639882432 0.29154375743732486 0.6257243677748805 0.29471500933113187 0.6279751748532073 0.3025374306691892 0.6302259819315341 0.30211459708334826 0.6327983328781935 0.29386934215945004 0.6350491399565205 0.28921817271519973 0.630869069668199 0.28752683837183596 0.6257243677748805 0.2852012536497109 0.6151134201199107
0 0.2686300517710094 0.549507808928231 0.2730132927089978 0.5452222194305237 0.2820928632234026 0.5252228017745569 0.2908593450993796 0.5066519139511593 0.2858499268845356 0.5028425010643085 0.2789619768391251 0.5204610356659934 0.2701954949631481 0.5347463339916841 0.26299445627930984 0.5390319234893912 0.2698824063247204 0.5509363387608
0 0.24021010302641535 0.44490979831171157 0.2515504941564179 0.4355020140302305 0.26185994063823825 0.4284461758191196 0.27551995722665024 0.4166864454672682 0.28119015279165155 0.4221743196314655 0.2842829867361976 0.4315821039129466 0.2896954461391533 0.4327580769481318 0.28479845906028867 0.4147264904086263 0.2796437358193784 0.4104145892796141 0.26984976166164903 0.4080626432092439 0.2533546472907364 0.425702238737021 0.23557085210959625 0.4347180320067737 0.2368595329198238 0.44569378033516843 0.23866368605414234 0.4468697533703535
0 0.5724826752092746 0.12824941771193565 0.586714687023054 0.12013236595801569 0.5991676973601109 0.11905009239082633 0.6077069044483785 0.11363872455487968 0.6208715153761245 0.1044393992337704 0.6272759206923252 0.09902803139782373 0.6329687254178369 0.09415780034547172 0.6393731307340376 0.06331300368057581 0.6418637328014489 0.03679730128443721 0.6429311336874824 0.015151829940650653 0.6436427342781714 0.0010822735671893356 0.6507587401850611 0.002705683917973328 0.6507587401850611 0.01785751385862396 0.6482681381176498 0.02489229204535462 0.6457775360502384 0.06439527724776517 0.6400847313247265 0.08712302215874113 0.6393731307340376 0.09740462104703974 0.6464891366409273 0.09145211642749844 0.6553841440245394 0.08982870607671443 0.6621443496360847 0.08225279110638914 0.6738857593824527 0.07684142327044248 0.6785111632219308 0.07521801291965848 0.6781553629265863 0.08333506467357844 0.6713951573150412 0.08549961180795712 0.6642791514081514 0.09469893712906642 0.6546725434338504 0.0979457578306344 0.6443543348688605 0.09956916818141841 0.6386615301433487 0.10227485209939176 0.6351035271899039 0.11417986133847437 0.6279875212830142 0.1168855452564477 0.6283433215783587 0.1109330406369064 0.6208715153761246 0.11309758777128508 0.6112649074018234 0.12337918665958367 0.5927632920439103 0.1298728280627197 0.5884936884997765 0.12933169127912503 0.5742616766859971 0.13528419589866633
0 0.5061431825101045 0.12662598391210228 0.5183271708553828 0.12160727113509825 0.5211193348511758 0.12894231288610417 0.5107121781395838 0.12894231288610417 0.5063970156006311 0.13164469668910633 0.5058893494195779 0.12778414839910324
1 0.5203578355795959 0.12122121630609793 0.5251806642996019 0.11504433904209294 0.5317803246532944 0.10925351660708828 0.5411721490027798 0.1104116810940892 0.5500563071712118 0.12044910664809733 0.5668092911459696 0.12971442254410478 0.5723936191375554 0.12971442254410478 0.567824623508076 0.14477056087511697 0.56300179478807 0.149789273652121 0.5503101402617385 0.14670083502011852 0.5388876511880399 0.1428402867301154 0.5373646526448802 0.126239929083102 0.5333033231964541 0.12199332596409854 0.5279728282953947 0.12739809357010293 0.5236576657564421 0.12739809357010293
0 0.5607172969733303 0.16484541198313318 0.5650324595122831 0.17719916651114315 0.5675707904175494 0.1849202630911494 0.5721397860470289 0.19109714035515438 0.5718859529565021 0.20769749800216777 0.5795009456723011 0.21503253975317374 0.590669601655473 0.21812097838517622 0.6056457539965443 0.21426043009517312 0.6041227554533846 0.20653933351516685 0.5858467729354669 0.20769749800216777 0.5767087816765082 0.20538116902816594 0.5749319500428218 0.19650190796115874 0.573408951499662 0.1853063179201497 0.5711244536849223 0.17719916651114317 0.5663016249649163 0.1660035764701341
0 0.5202959830866808 0.41318327974276525 0.524524312896406 0.3987138263665595 0.5295983086680761 0.38681672025723474 0.5355179704016912 0.3765273311897106 0.5424947145877379 0.3688102893890675 0.5532769556025371 0.36173633440514474 0.5636363636363636 0.34662379421221867 0.5714587737843551 0.33086816720257234 0.5782241014799154 0.31286173633440517 0.5873150105708246 0.2983922829581994 0.5934460887949261 0.2877813504823151 0.5989429175475688 0.2861736334405145 0.5978858350951375 0.2681672025723473 0.5989429175475688 0.25562700964630225 0.593446088794926 0.25530546623794215 0.5930232558139535 0.28135048231511256 0.5862579281183933 0.2871382636655949 0.5816067653276956 0.29710610932475884 0.5750528541226215 0.30900321543408366 0.5699788583509514 0.3186495176848875 0.5668076109936575 0.33054662379421224 0.5602536997885835 0.34180064308681674 0.553276955602537 0.3553054662379421 0.5469344608879493 0.35948553054662385 0.541860465116279 0.3604501607717042 0.5348837209302325 0.36816720257234725 0.5291754756871037 0.3758842443729904 0.5202959830866808 0.39356913183279746 0.5175475687103595 0.40514469453376206 0.5162790697674419 0.41318327974276525 0.5188160676532769 0.41318327974276525
0 0.5285412262156448 0.43633440514469457 0.5361522198731502 0.42604501607717044 0.5405919661733616 0.41639871382636656 0.5446088794926005 0.40353697749196143 0.5520084566596195 0.387459807073955 0.5566596194503172 0.3807073954983923 0.5613107822410148 0.3659163987138264 0.5640591966173362 0.35562700964630223 0.5706131078224103 0.3443729903536978 0.577801268498943 0.33408360128617365 0.5860465116279071 0.32282958199356915 0.5959830866807612 0.3073954983922829 0.6027484143763213 0.297427652733119 0.6093023255813954 0.29163987138263664 0.6054968287526428 0.2893890675241158 0.5985200845665962 0.2938906752411576 0.592600422832981 0.30578778135048235 0.5828752642706132 0.31736334405144695 0.5782241014799154 0.32829581993569135 0.5642706131078224 0.34823151125401935 0.5591966173361522 0.3627009646302251 0.552431289640592 0.37524115755627013 0.5460887949260043 0.38488745980707395 0.5408033826638478 0.3945337620578778 0.5350951374207189 0.40836012861736337 0.5249471458773785 0.42347266881028933 0.5221987315010571 0.4331189710610932 0.5232558139534884 0.4376205787781351
0 0.6657505285412262 0.31543408360128616 0.6839323467230444 0.3106109324758842 0.7006342494714587 0.3051446945337621 0.6966173361522199 0.3009646302250804 0.6655391120507399 0.3077170418006431 0.6587737843551797 0.3122186495176849 0.6636363636363636 0.3183279742765273
0 0.7025369978858351 0.24019292604501608 0.6953488372093023 0.2427652733118971 0.686892177589852 0.24694533762057877 0.6835095137420719 0.2617363344051447 0.6801268498942917 0.26655948553054665 0.6773784355179704 0.27266881028938905 0.674630021141649 0.28038585209003214 0.66723044397463 0.28038585209003214 0.6636363636363636 0.27813504823151125 0.6556025369978857 0.2762057877813505 0.6526427061310782 0.2752411575562701 0.6460887949260042 0.2742765273311897 0.6345656132844968 0.2764429278827512 0.6316253345371803 0.278882130187599 0.6276158635181124 0.28050826505749754 0.6238736905669822 0.27969519762254824 0.6190623253441004 0.2776625290351751 0.6153201523929703 0.28457360223224387 0.6105087871700887 0.2825409336448707 0.6174585369364733 0.27400372557790337 0.6217353060234793 0.26953185468568236 0.6268139693142987 0.2748167930128526 0.634298315216559 0.26953185468568236 0.6417826611188193 0.26302731520608824 0.6530091799722096 0.2544901071391209 0.6599589297385943 0.2492051688119507 0.6610281220103457 0.25652277572649407 0.6556821606515884 0.26018157918376583 0.6498016031569552 0.26465345007598673 0.6551475645157127 0.26668611866335995 0.6607608239424078 0.26993838840315704 0.6698489582522953 0.2748167930128526 0.6741257273393012 0.2683122535332585 0.6759968138148662 0.2609946466187151 0.6789370925621827 0.25123783739932387 0.6821446693774372 0.2459528990721536 0.6869560346003188 0.23822875844013558 0.6949749766384549 0.23172421896054143 0.698717149589585 0.2325372863954907
0 0.677863708199887 0.12977158301922148 0.687640588606616 0.1176054971111695 0.695936123497174 0.11084656049558503 0.7036391201812637 0.10543941120311748 0.7074906185233086 0.0991310703619053 0.7071943494200744 0.09327332529506546 0.7021577746650927 0.10003226191064991 0.6971211999101111 0.10138404923376682 0.6911958178454267 0.10363702810562829 0.6870480504001476 0.10904417739809585 0.6814189374386976 0.11535251823930802 0.6769749008901843 0.12075966753177558
0 0.7640176664714406 0.18197342910243433 0.7719786228490162 0.19301291305972487 0.7773639756926704 0.19799848645979154 0.7790029961233476 0.21153075711711544 0.7815785996572692 0.21580410574574407 0.7811103081056471 0.24892255761761561 0.7843883489670016 0.25462035578912046 0.7825151827605132 0.30055885354687784 0.7772104358691 0.29642839319216163 0.7769101227176823 0.2635426546562053 0.7772104358691 0.22015174964348522 0.771504485992163 0.20188189490128727 0.7666994755694794 0.195487445741518 0.7621947782982131 0.19046323568741358 0.756789141572694 0.1872660111075289 0.7579903941783648 0.1790445764735398
0 0.5091355358284599 0.9969555722417648 0.5102614436918577 0.9870236891792395 0.5165665277268852 0.9770918061167143 0.5203946144624375 0.9609953059808974 0.522646430189233 0.938049231319201 0.5210701591804761 0.9216102524570902 0.5167917092995647 0.9284598269829698 0.5167917092995647 0.9448988058450806 0.5140895304274101 0.9647625719701313 0.5095858989738191 0.9770918061167143 0.506658538528985 0.9801741146533601
0 0.5239975196253102 0.9085960608579189 0.5269248800701444 0.8801703265755191 0.5300774220876581 0.8695534860604058 0.5260241537794261 0.8692110073341118 0.5224212486165534 0.8829101563858709 0.520619796035117 0.8983216990690998 0.520619796035117 0.9061987097738611
0 0.5494430373380992 0.8240038154633068 0.5474164031839833 0.8503746773879431 0.5447142243118287 0.866128698797466 0.5386343218494809 0.8798278478492249 0.5330047825324922 0.877430496765167 0.5381839587041218 0.8719508371444634 0.5422372270123538 0.8623614328082322 0.5440386795937902 0.8483198050301792 0.5449394058845083 0.8298259538103043 0.5453897690298674 0.8209215069266611
0 0.5702039342493346 0.9937461362034852 0.5801866625688311 0.9850702877971979 0.5882679188274711 0.9724180088713624 0.5949230710404686 0.9666341099338375 0.5980129631393606 0.9594042362619315 0.5939723350100405 0.9579582615275501 0.5889809708502922 0.9594042362619314 0.5882679188274711 0.9659111225666469 0.584227290698151 0.9662726162502423 0.5782851905079747 0.9724180088713624 0.5732938263482263 0.9814553509612449 0.56735172615805 0.9857932751643884 0.5649748860819793 0.991215680418318
0 0.7903943972601306 0.15883248098638236 0.7873713310675502 0.13960539118276766 0.7851727374729462 0.1266480045759838 0.7854475616722718 0.10449505328051473 0.7876461552668758 0.09947929072305003 0.7851727374729462 0.08317806241128971 0.7816000228817148 0.08067018113255733 0.7810503744830638 0.10324111264114855 0.7818748470810403 0.1320817473465706 0.7837986164763188 0.1462930745927206 0.7835237922769933 0.14880095587145295 0.7835237922769933 0.15381671842891767
0 0.7854475616722717 0.04848570472215883 0.7854475616722718 0.007523643836197064 0.7854475616722718 0.0020899010656102927 0.7829741438783423 0.001253940639366183 0.7813251986823893 0.013375366819905893 0.7816000228817147 0.03260245662352059 0.7821496712803656 0.047231764082792664 0.7848979132736207 0.0489036849352809
0 0.8999660100390302 0.09481204044555568 0.8974344600811146 0.07652342350681907 0.8914220289310648 0.06160376231995494 0.8844602665467965 0.05245945385058664 0.8771820604177889 0.03898363084309649 0.8768656166730495 0.022620131476858468 0.877182060417789 0 0.8686380793098235 0 0.8699038542887814 0.026470366621855645 0.8730682917361761 0.048127939312464806 0.884776710291536 0.05919736535433171 0.8917384726758043 0.077967261686193 0.8945864663784595 0.10636274588054721 0.9002491957857339 0.1224001839143447 0.908810766834576 0.1386768041157203 0.9148038665687652 0.1588598131654261 0.9182284949883022 0.1699279149023615 0.9250777518273756 0.1699279149023615 0.9314989301140072 0.17383430375069167 0.9413447368201754 0.18815772952790225 0.9490501507641333 0.20183009049705777 0.9494782293165754 0.2168045810823233 0.9541870933934383 0.22266416435481853 0.9601801931276278 0.2317790716675889 0.965745214309375 0.24610249744479942 0.9674575285191435 0.23828971974813912 0.9627486644422804 0.21810671069843338 0.9537590148409962 0.21289819223399314 0.9528541226215645 0.20354482315127345 0.9486257928118395 0.19004000000014806 0.945877378435518 0.18200141479114484 0.9435517970401691 0.1739628295821416 0.9363636363636364 0.16753196141493903 0.9338266384778013 0.16463807073969788 0.927061310782241 0.16077954983937634 0.9194503171247358 0.16077954983937634 0.9183932346723045 0.15176848874598073 0.9152219873150106 0.13729903536977492 0.9128964059196618 0.13151125401929262 0.9069767441860465 0.11993569131832796 0.9044397463002114 0.10836012861736335 0.900845665961945 0.0987138263665595
0 0.9062086818005374 0.6081339707039864 0.8986936541276134 0.6057692242203677 0.8896237931430498 0.6041927265646216 0.8865141265197708 0.598674984769511 0.883404459896492 0.5758157687611952 0.883404459896492 0.5655685339988469 0.880294793273213 0.5655685339988469 0.8795173766173933 0.578968764072687 0.8810722099290327 0.5907924964907815 0.8826270432406722 0.6049809753924946 0.885736709863951 0.6124693392572877 0.8953248486190613 0.6140458369130336 0.9041355707183516 0.6152282101548432
0 0.9974255694167197 0.6475464120976344 0.9855051806941505 0.6408462970607143 0.9777310141359531 0.6380874261631589 0.9725482364304882 0.634146182023794 0.9619235421342852 0.6337520576098575 0.9588138755110062 0.6302049378844293 0.9541493755760878 0.625869569331128 0.9502622922969891 0.6349344308516671 0.9559633477730005 0.6376933017492225 0.9624418199048317 0.6412404214746508 0.9709934031188486 0.6436051679582696 0.9785084307917729 0.6487287853394437 0.9893922639732491 0.6542465271345544 0.9966481527608999 0.6550347759624274 0.9984621249578126 0.6558230247903004
0 0.8618745663765522 0.32951969102435047 0.8557690528027954 0.31911950815993406 0.848442436514287 0.3094621955001189 0.8428253640264306 0.30166205835180665 0.8359871888238228 0.3001763179426043 0.8308585574218671 0.2949762265103962 0.8252414849340106 0.28791895956668506 0.8206012946179553 0.28717608936208394 0.823043500047458 0.29534766161269677 0.8306143368789166 0.30463353917021135 0.8406273791398781 0.30946219550011894 0.8438022461982316 0.31429085183002653 0.849419318686088 0.32320529428524053 0.8572343760604969 0.3306339963312522 0.861630345833602 0.33843413347956447
0 0.935384949804586 0.9430737247411818 0.929279436230829 0.9319306716721643 0.9241508048288731 0.9267305802399562 0.9180452912551161 0.9144732218640369 0.911695557138409 0.9122446112502332 0.913405100939061 0.9200447483985456 0.9170684090833151 0.9308163663652624 0.9153588652826632 0.9363878928997712 0.9124282187672599 0.9293306259560601 0.9107186749666079 0.9200447483985456 0.8926463547882874 0.9189304430916437 0.8838544152420772 0.9181875728870427 0.8811679892696241 0.9219019239100483 0.8750624756958673 0.9226447941146497 0.873108711352265 0.9196733132962449 0.8650494334349058 0.9167018324778402 0.8623630074624528 0.9219019239100483 0.8567459349745964 0.925987710035355 0.8494193186860881 0.9252448398307537 0.8469771132565853 0.9245019696261525 0.8289444574880099 0.9298873610898535 0.8269463991391386 0.9317866408306417 0.8102126604673409 0.9317866408306417 0.8122107188162123 0.9428024633272125 0.8274459137263563 0.9390039038456364 0.8341893606537972 0.9363449122085331 0.8441796523981542 0.9336859205714297 0.8554187306105556 0.9340657765195873 0.8619124202443875 0.9348254884159025 0.8619124202443875 0.9283679372972231 0.8766481005673139 0.9291276491935382 0.8801447026778388 0.9257089456601196 0.8958794121752008 0.9272283694527501 0.8978774705240723 0.925329089711962 0.9078677622684291 0.925329089711962 0.9093663060300826 0.9348254884159025 0.9121136362597807 0.9390039038456364 0.9196063550680483 0.9378643360011636 0.9193565977744395 0.9329262086751144 0.9243517436466179 0.933306064623272 0.9268493165827071 0.9401434716901094 0.9283478603443606 0.9435621752235278 0.9313449478676676 0.9435621752235278
0 0.8879492600422833 0.9913183279742765 0.8938689217758985 0.9877813504823151 0.8985200845665962 0.9839228295819936 0.9002114164904863 0.9739549839228295 0.9050739957716702 0.9729903536977492 0.9061310782241015 0.9836012861736334 0.9141649048625794 0.9839228295819936 0.9186046511627907 0.9874598070739551 0.921353065539112 0.9832797427652733 0.921353065539112 0.9720257234726688 0.921353065539112 0.9672025723472669 0.9279069767441861 0.9649517684887459 0.9312896405919663 0.9659163987138263 0.9300211416490486 0.977813504823151 0.9251585623678648 0.9816720257234727 0.9285412262156448 0.9842443729903536 0.9325581395348838 0.9842443729903536 0.9295983086680761 0.9919614147909968 0.9213530655391121 0.9909967845659163 0.9213530655391121 0.9958199356913184 0.9152219873150106 0.9990353697749196 0.9135306553911205 0.9903536977491961 0.9067653276955603 0.9903536977491961 0.9054968287526427 0.9987138263665594 0.9016913319238901 0.997427652733119 0.8968287526427061 0.9948553054662379 0.8926004228329809 0.9993569131832798 0.889217758985201 0.9967845659163987
0 0.9162726409945516 0.8706042316260113 0.9146491954931442 0.8389997671767404 0.9084801025877944 0.8301110115503829 0.9097788589889206 0.8439379647469389 0.9084801025877944 0.868135132840912 0.9133504390920179 0.8794929872523688
0 0.9152839871344116 0.7056180640893651 0.913586322081433 0.6897573339503987 0.9150414635554146 0.6484456647512304 0.910190991975476 0.6525030608332917 0.9111610862914638 0.6856999378683376 0.903642855342559 0.6657818116473101 0.9021877138685773 0.6731588954328758 0.9055830439745343 0.6882819171932856 0.9092208976594883 0.6982409803037994 0.9097059448174821 0.7063557724679217
0 0.9451143873510338 0.9995948529441607 0.9436592458770523 0.8443072392580016 0.9455994345090277 0.8111103622229556 0.9424466279820677 0.7985693197874938 0.9417190572450769 0.765741296941726 0.9504499060889663 0.7487740042349248 0.9550578540899081 0.7388149411244112 0.958210660616868 0.7244296277425578 0.954572806931914 0.711888585307096 0.9451143873510339 0.7152082730106007 0.9448718637720369 0.7236919193640013 0.9475396231410032 0.7277493154460625 0.9465695288250154 0.7340198366637933 0.941234010087083 0.7343886908530717 0.9383237271391198 0.7340198366637933 0.9358984913491506 0.739921503692246 0.94462934019304 0.739921503692246 0.944871863772037 0.7469297332885335 0.9419615808240738 0.7565199422097689 0.9361410149281475 0.7587330673454387 0.9356559677701536 0.7893479650555366 0.9383237271391198 0.8181185918192431 0.9373536328231321 0.8952091173784054 0.937838679981126 0.9686111010447847 0.9373536328231321 1
0 0.9700943159877176 0.7225853567961664 0.9827055420955579 0.7277493154460624 0.9914363909394472 0.7273804612567841 0.9962868625193859 0.7255361903103927 0.9948317210454044 0.7207410858497749 0.9882835844124874 0.7192656690926618 0.9827055420955579 0.7177902523355487 0.9802803063055887 0.717052543956992 0.9751873111466531 0.715577127199879 0.9749447875676562 0.720741085849775 0.968396650934739 0.7174213981462704
0 0.7928118393234672 0.9983922829581994 0.7906976744186046 0.9919614147909968 0.7906976744186046 0.9726688102893891 0.7885835095137421 0.9694533762057878 0.7885835095137421 0.9565916398713826 0.7864693446088795 0.9533762057877814 0.7864693446088795 0.9437299035369775 0.7843551797040169 0.9405144694533762 0.7843551797040169 0.9308681672025724 0.7822410147991543 0.927652733118971 0.7822410147991543 0.9180064308681672 0.7801268498942917 0.9147909967845659 0.7801268498942917 0.905144694533762 0.7780126849894292 0.9019292604501608 0.7780126849894292 0.8922829581993569 0.7758985200845666 0.8890675241157556 0.773784355179704 0.8762057877813505 0.7706131078224101 0.8745980707395499 0.7695560253699789 0.882636655948553 0.7716701902748414 0.8858520900321544 0.7716701902748414 0.8954983922829582 0.773784355179704 0.8987138263665595 0.773784355179704 0.9083601286173634 0.7758985200845666 0.9115755627009646 0.7758985200845666 0.9244372990353698 0.7780126849894292 0.927652733118971 0.7780126849894292 0.9405144694533762 0.7801268498942917 0.9437299035369775 0.7801268498942917 0.9533762057877814 0.7822410147991543 0.9565916398713826 0.7822410147991543 0.9662379421221865 0.7843551797040169 0.9694533762057878 0.7843551797040169 0.9951768488745981 0.7875264270613108 1
0 0.7916391785201914 0.999434464707175 0.7935298213893969 0.9793061092732862 0.7943400969047707 0.9583561883114834 0.8002821173508452 0.8950956426621184 0.8076109936575053 0.845337620578778 0.8076109936575053 0.8327974276527331 0.8101479915433404 0.8305466237942123 0.8105568610388488 0.8224213253387408 0.8119635893641505 0.8177144395017345 0.8119635893641505 0.7988868961537091 0.8136721427070327 0.7956047475870532 0.8111351448211976 0.6756690562687252 0.8105008953497389 0.6682735578764423 0.8100780623687663 0.644800889066153 0.8115469274137691 0.6377057719520322 0.8128785383351609 0.5310427380835436 0.8099933813388118 0.5310427380835436 0.8097889399620614 0.4734809331212344 0.807452527790012 0.46859493933860846 0.8071604762685057 0.4406115204017511 0.8054268995780687 0.3390131077156706 0.8069068150114725 0.3345114999986287 0.8071182315019587 0.28627998874460947 0.8077524809734175 0.2673089276513619 0.8064839820304999 0.22872371864814645 0.8018328192398022 0.08017066398576707 0.8018328192398022 0.05380410450023656 0.7992958213539672 0.0004278987124551377 0.7942218255822969 0.0004278987124551377 0.7973930729395907 0.01650506913046157 0.7969702399586183 0.06955973150988279 0.7988729883729946 0.08017066398576707 0.7995072378444533 0.11425426527194069 0.8005643202968846 0.11714815594718186 0.8018328192398022 0.13161760932338765 0.8007757367873709 0.13740539067386995 0.8016214027493159 0.15348256109187638 0.8016214027493159 0.17084590514332332 0.8016214027493159 0.18756616237805 0.8024670687112611 0.20332178938769632 0.8022556522207748 0.21650506913046164 0.8024670687112611 0.2235790241143844 0.8028899016922335 0.23869156430731048 0.8031013181827197 0.26023497266743906 0.8026784852017472 0.3438362588410725 0.8026784852017472 0.3695597315098828 0.8028899016922335 0.3872446189696898 0.8028899016922335 0.40846648392145835 0.8035241511636924 0.4303314356899471 0.804158400635151 0.47148899196004357 0.807452527790012 0.49169236449283993 0.8069068150114724 0.5319391527317477 0.807452527790012 0.5458824773546906 0.8093275758781159 0.5496075066366034 0.8088837055709852 0.6265669108201964 0.8077740298031587 0.6306174057772276 0.8075520946495934 0.6410811844162249 0.8069068150114725 0.6808137508024873 0.8088095634258488 0.6840291848860885 0.8096552293877938 0.7930324003201722 0.8069068150114725 0.7991417250790146 0.807329647992445 0.8229359372976642 0.8050040665970961 0.8229359372976642 0.8040859107424609 0.8386814764120354 0.8019027484143764 0.8540192926045017 0.7970401691331924 0.8916398713826367 0.788513580339168 0.9763121430854456 0.788513580339168 0.9988201816706546
1 0.9175475687103594 0.8665594855305466 0.9175475687103594 0.6543408360128617 0.927061310782241 0.6463022508038585 0.9323467230443975 0.657556270096463 0.9418604651162791 0.77491961414791 0.9704016913319239 0.7186495176848875 0.9556025369978859 0.6511254019292605 0.9492600422832981 0.545016077170418 0.9492600422832981 0.35852090032154343 0.9693446088794926 0.35691318327974275 0.992600422832981 0.3311897106109325 0.9978858350951374 0.2845659163987138 0.9661733615221987 0.23633440514469453 0.9471458773784355 0.18488745980707397 0.9217758985200846 0.15916398713826366 0.9038054968287527 0.10932475884244373 0.9069767441860465 0.7347266881028939 0.9090909090909091 0.8311897106109325
1 0.6892177589852009 0.9983922829581994 0.7135306553911205 0.932475884244373 0.7515856236786469 0.9871382636655949 0.758985200845666 0.9758842443729904 0.7716701902748414 0.7604501607717041 0.7843551797040169 0.6736334405144695 0.7843551797040169 0.432475884244373 0.7780126849894292 0.4067524115755627 0.7864693446088795 0.3135048231511254 0.7959830866807611 0.29260450160771706 0.8086680761099366 0.28938906752411575 0.8255813953488372 0.3311897106109325 0.8604651162790697 0.35852090032154343 0.8636363636363636 0.37942122186495175 0.8837209302325582 0.35852090032154343 0.8604651162790697 0.2877813504823151 0.7949260042283298 0.21061093247588425 0.7906976744186046 0.16559485530546625 0.7716701902748414 0.13344051446945338 0.7600422832980972 0.01929260450160772 0.7029598308668076 0.09967845659163987 0.6331923890063424 0.14469453376205788 0.587737843551797 0.21061093247588425 0.5972515856236786 0.2861736334405145 0.6226215644820295 0.28938906752411575 0.6585623678646935 0.3183279742765273 0.6670190274841438 0.36012861736334406 0.7103594080338267 0.35852090032154343 0.7019027484143763 0.7893890675241158 0.686046511627907 0.8231511254019293 0.6564482029598309 0.8327974276527331 0.5655391120507399 0.8135048231511254 0.5095137420718816 0.8183279742765274 0.5095137420718816 0.8536977491961415 0.5295983086680761 0.8778135048231511 0.5676532769556025 0.8456591639871383 0.5930232558139535 0.8617363344051447 0.6067653276955602 0.8890675241157556 0.6088794926004228 0.9340836012861736 0.5739957716701902 0.9646302250803859 0.5570824524312896 1