1 0.636934006880734 0.5453779300699301 0.6397175022935779 0.5553451643356644 0.6377855986238532 0.5674857937062937 0.6617474518348624 0.5973547097902098 0.6494589541284403 0.6997646328671329 0.668935369266055 0.6956405769230769 0.6708380619266054 0.7200491293706294 0.66023426146789 0.7414570909090908 0.6510344403669726 0.7864634615384616 0.6711543027522935 0.8330156748251748 0.6814660275229358 0.8357635909090909 0.6941001995412843 0.7650691398601399 0.8725752087155964 0.8427805874125874 0.8687121330275229 0.890889527972028 0.8948117110091742 0.8759075979020978 0.9033943211009174 0.8366155699300699 0.8875333050458716 0.800913034965035 0.9077757477064221 0.7027240734265734 0.9014817133027523 0.6738721083916084 0.913229990825688 0.6076368076923078 0.8984922087155963 0.5042302937062938 0.9098366788990825 0.4625655384615385 0.8983379655963302 0.45081351398601394 0.8842605114678899 0.5217631083916083 0.8714027866972478 0.5246012832167832 0.8925947866972478 0.4276373916083916 0.8668862408256881 0.4472339965034965 0.8409967729357799 0.5130012307692308 0.7696664701834863 0.4959357377622378 0.6812715344036697 0.4475532867132867 0.6666360756880734 0.40742022027972025 0.6580600137614679 0.4297214615384616 0.6558875665137615 0.45267042307692307 0.636934006880734 0.5453779300699301
1 0.9166195940366972 0.7026222972027971 0.9358687110091742 0.6937037587412587 0.9510698371559633 0.698225513986014 0.9495529793577981 0.6772592132867132 0.9385901490825688 0.6550314055944055 0.9252292706422018 0.6418962237762238 0.9202925412844036 0.6426211713286714 0.909321369266055 0.7030318671328671 0.9166195940366972 0.7026222972027971
1 1 0.34210189510489514 0.9748409013761469 0.3302831818181818 0.9753255940366973 0.3486199895104895 0.9867993440366972 0.3645484895104895 0.9950931788990827 0.3761764160839161 1 0.38355183566433565 1 0.34210189510489514
0 0.7642899036697247 0.28343246853146853 0.7743780825688074 0.23005371678321676 0.7669000275229357 0.22747770279720278 0.7620586697247707 0.25515426573426575 0.7526369449541284 0.28763685664335664 0.7480835458715596 0.3165177132867133 0.7423783096330275 0.34058137412587414 0.738731495412844 0.35765055944055946 0.7453986238532111 0.35627784615384617 0.7471458600917432 0.34519565734265734 0.7504220481651376 0.3304772412587413 0.7549327385321101 0.31702094755244753 0.7593556422018349 0.2995753566433566 0.7642899036697247 0.28343246853146853
0 0.8548145275229359 0.317405 0.8467900986238532 0.3176234195804196 0.834179756880734 0.34059416433566436 0.8189580298165138 0.3642912237762238 0.8173169403669724 0.3699490874125874 0.8262320550458715 0.37199975524475526 0.8315722821100917 0.3634673706293706 0.8385346697247706 0.3541482342657343 0.8461246536697248 0.3360973636363636 0.8528535711009174 0.32667537062937063 0.8548145275229359 0.317405
0 0.8503123463302752 0.7943610769230769 0.8538103417431192 0.7963426608391608 0.8603926857798165 0.8252386748251748 0.8600599357798165 0.8347856223776223 0.8659453853211009 0.8364971118881118 0.8659835366972477 0.815805 0.8589242798165138 0.7955111993006992 0.8552980665137615 0.777610979020979 0.8476969403669725 0.7663313776223776 0.8466308325688073 0.7526432727272727 0.8429601834862386 0.7461794755244755 0.8387049243119266 0.7434236748251748 0.8406393738532111 0.729294944055944 0.8334849770642202 0.7226182937062937 0.8313795619266056 0.7155221818181818 0.8249334128440368 0.6950578496503497 0.823160747706422 0.6784147937062938 0.8208541880733945 0.6632989965034964 0.8167653073394495 0.6557697202797202 0.8120838463302752 0.6594353986013985 0.8113693233944954 0.6639673986013986 0.8202092110091743 0.6934173146853146 0.8236405596330275 0.7125535349650349 0.8295243188073395 0.7310076573426573 0.8319243302752293 0.7492489265734266 0.8390912844036696 0.7744369440559441 0.8455391284403669 0.7781586398601399 0.8487772981651377 0.7817882272727272 0.8503123463302752 0.7943610769230769
0 0.885432633027523 0.7656983496503497 0.8823725068807339 0.7604550664335664 0.8706010022935781 0.7677340279720279 0.8605325733944954 0.7691413951048951 0.8530271009174313 0.7740149405594405 0.8519178990825688 0.7711891818181817 0.8531097155963302 0.7767779755244756 0.8568141009174312 0.7795784335664335 0.8607804197247706 0.777430506993007 0.8741134747706422 0.7766822692307692 0.8827855756880735 0.7742702587412588 0.885432633027523 0.7656983496503497
0 0.7956420344036697 0.4411238076923077 0.7976017155963303 0.43348002097902094 0.787018497706422 0.42881779370629375 0.7815860894495412 0.4417374055944056 0.7770081077981651 0.45163058741258744 0.7711312362385321 0.45301162237762244 0.7681132316513762 0.4601891853146853 0.7726992958715596 0.46220948601398604 0.7776014518348623 0.4598319230769231 0.7812780756880734 0.4580487482517483 0.7856235642201835 0.4520231223776224 0.7882337821100918 0.43786024825174824 0.7956420344036697 0.4411238076923077
0 0.6800338233944955 0.44228150349650347 0.677222006880734 0.42578804195804193 0.6699399839449541 0.41190174475524477 0.6657203119266055 0.4064834020979021 0.6621733532110092 0.4161077027972028 0.6642539288990825 0.42007521328671327 0.6661589426605504 0.43159277272727276 0.669270612385321 0.44618436363636366 0.6784431559633027 0.4502251433566433 0.6886559839449541 0.4562496783216783 0.6961904816513761 0.4427885909090909 0.6971485596330276 0.4345662832167832 0.6892484449541284 0.44176438461538464 0.6800338233944955 0.44228150349650347
0 0.7390457958715597 0.44447222377622375 0.7331059495412844 0.4443017622377622 0.7305625665137615 0.45011227622377625 0.7271587293577981 0.451059 0.7247018188073394 0.45976152097902095 0.7145674610091743 0.4626745 0.7128353073394496 0.4610572167832168 0.7152774724770642 0.4662100909090909 0.7240201146788992 0.4692460804195804 0.7288590848623853 0.4660776573426574 0.7338989288990826 0.45647447552447556 0.7388581100917431 0.4525436013986014 0.7390457958715597 0.44447222377622375
0 0.7134618761467889 0.5688014265734266 0.7260915366972478 0.5594576223776224 0.732691123853211 0.5542900174825175 0.7422298325688074 0.5435845664335663 0.7502431513761468 0.5346917202797202 0.7582966376146789 0.5307857482517482 0.7621603256880733 0.5324878146853147 0.761876759174312 0.5211822412587412 0.7601682293577983 0.524156472027972 0.7505491788990826 0.5248881678321679 0.7452203577981651 0.5324790244755245 0.7408273279816514 0.5367552447552447 0.7302925711009174 0.5432950244755245 0.7220961077981651 0.5533494860139859 0.7134530252293578 0.5557534265734266 0.7086937155963302 0.5623528741258741 0.7134618761467889 0.5688014265734266
0 0.6935940183486239 0.5637759265734266 0.7011181628440367 0.5658482447552448 0.6997871490825688 0.5559446748251748 0.691561752293578 0.5504576993006993 0.6815563371559633 0.5510191923076923 0.6730851628440366 0.5628160804195804 0.669779754587156 0.5706771608391609 0.673165497706422 0.5727898321678322 0.6786774655963302 0.5640373601398602 0.6844328256880734 0.5616035874125874 0.6935940183486239 0.5637759265734266
0 0.7464307637614679 0.46308542657342655 0.7494094036697247 0.4669101958041958 0.7477160917431193 0.4776503671328671 0.7543612798165138 0.48093671678321676 0.7536515344036697 0.4687789825174825 0.7527120298165138 0.46262203496503496 0.7484879954128439 0.4560949825174825 0.7394100458715597 0.4546084615384616 0.7385401743119265 0.45709679720279717 0.7464307637614679 0.46308542657342655
0 0.7428507775229358 0.5762114895104895 0.7305366055045871 0.591517534965035 0.7351999770642201 0.5978243566433566 0.7453735665137614 0.5826384405594406 0.7569824633027523 0.5718057377622378 0.7652925114678899 0.5706825314685314 0.760733993119266 0.5572768846153846 0.7557306857798165 0.559559993006993 0.7428507775229358 0.5762114895104895
0 0.7265433990825688 0.6971887692307692 0.7364994311926605 0.7042001888111888 0.7568222912844036 0.6934618216783217 0.7770868784403671 0.6923245874125874 0.7775322087155964 0.6802684685314685 0.7758204288990825 0.6782016363636364 0.7738647637614678 0.6795280174825175 0.7603403325688073 0.6840720699300699 0.7482917018348624 0.6866407657342657 0.7319305321100917 0.6925606433566434 0.7268455596330275 0.6841944160839161 0.7251275458715597 0.6729356083916084 0.7196051582568807 0.6691900804195804 0.7218092706422018 0.6902898356643357 0.7265433990825688 0.6971887692307692
0 0.3081762408256881 0.8604883811188812 0.3158302568807339 0.857819458041958 0.3312468830275229 0.8543416783216784 0.3411553967889908 0.8526659265734267 0.35448471330275233 0.8573297412587413 0.3708504770642202 0.8554782307692308 0.3701294334862385 0.8473076223776224 0.35411988761467894 0.8468997587412588 0.34969995642201834 0.8443485699300699 0.329092371559633 0.8425192062937064 0.317255126146789 0.8487819615384615 0.3090081834862385 0.8475652342657343 0.3103635275229358 0.841517486013986 0.30240328211009176 0.8410311328671329 0.2966866009174312 0.8518024055944056 0.2902293532110092 0.8519781678321678 0.2790654770642202 0.8488723636363636 0.2683859334862385 0.8477921573426573 0.2593570389908257 0.8540839265734266 0.2518615940366973 0.8531982552447552 0.25015003440366973 0.8615053811188811 0.2553019311926606 0.8619627202797202 0.26859218348623853 0.8617767307692308 0.27697816743119263 0.8570139615384615 0.28663904587155964 0.8594576468531469 0.295133619266055 0.8565549405594406 0.29269009403669727 0.866955909090909 0.2829378394495413 0.8880308846153846 0.2739987775229358 0.927262548951049 0.2801302155963303 0.9299636293706295 0.28252931651376145 0.9186587202797204 0.2895232110091743 0.8921400839160839 0.30136277293577984 0.862923513986014 0.3081762408256881 0.8604883811188812
0 0.44110089220183485 0.8869450244755245 0.4412000871559633 0.8826791678321678 0.43619825917431193 0.8834924055944057 0.42520761009174307 0.8786506958041957 0.4269492018348624 0.8876060734265734 0.4406422293577982 0.8880358356643356 0.44110089220183485 0.8869450244755245
1 0.3844076972477064 0.8374055104895105 0.3784885481651376 0.8404003706293706 0.37118561697247704 0.853990479020979 0.37708303899082574 0.8565884685314685 0.3932505275229358 0.8740536643356643 0.40098094495412845 0.8886639895104895 0.4107087385321101 0.8942422377622378 0.4186314059633027 0.8912680804195804 0.42474115366972476 0.8870643181818181 0.4222728325688073 0.8790816608391608 0.4177157339449541 0.8770741188811189 0.4111969220183486 0.8802357657342658 0.4076067431192661 0.8739136748251748 0.40873025458715595 0.8558775244755245 0.3973026720183486 0.8465337762237761 0.3844076972477064 0.8374055104895105
0 0.35032050458715597 0.759038611888112 0.369811752293578 0.7663322237762238 0.37908088532110096 0.7730012867132867 0.37949609403669726 0.7830961818181819 0.37926203899082567 0.7954907832167832 0.3803404357798165 0.8050159125874127 0.38359122247706423 0.8189456958041959 0.3892980481651376 0.8227525874125874 0.3867739908256881 0.8078500874125875 0.38536399082568806 0.7986098286713287 0.38155534862385326 0.7900367167832167 0.3845553096330275 0.7728272027972029 0.3777204885321101 0.7616281048951049 0.36643390137614684 0.7532083811188811 0.3499827637614679 0.7502707132867134 0.35032050458715597 0.759038611888112
0 0.39516852981651374 0.6601071118881119 0.38318670642201835 0.6709811048951049 0.3749656536697248 0.6792045384615385 0.3688960596330275 0.6783254020979022 0.36704911467889906 0.697612472027972 0.36386904587155966 0.7102102552447552 0.36962114449541283 0.7131031678321679 0.374353876146789 0.6861138496503497 0.38245099770642205 0.6832199405594406 0.3890033302752294 0.6749792657342657 0.3978825871559633 0.6656100244755244 0.40482854128440365 0.6579016923076924 0.4101354793577982 0.6469587412587413 0.4189089036697248 0.6382607622377622 0.42849927981651376 0.6274100839160839 0.43588528211009175 0.6259976083916083 0.44140250688073396 0.6273512867132868 0.4500403967889908 0.622541951048951 0.4573386651376147 0.617142472027972 0.469626378440367 0.6028138216783216 0.4744338600917431 0.5920097832167832 0.47709637614678896 0.5842091783216783 0.4744171376146789 0.5830288916083916 0.47285425000000003 0.5823403916083916 0.4660076330275229 0.5954766013986014 0.4586912683486239 0.6055343391608391 0.4507464013761468 0.6135204999999999 0.44210851376146787 0.6183298356643356 0.42955759633027524 0.6206974860139861 0.4161303233944954 0.6316525979020979 0.40527645642201837 0.6444592552447552 0.39516852981651374 0.6601071118881119
0 0.40839200688073396 0.6307562237762238 0.3991075206422018 0.6381522447552447 0.38854793577981656 0.6460633671328672 0.37551428899082573 0.6575508251748252 0.36672925917431193 0.66480793006993 0.3588554059633028 0.6678001993006993 0.3625038509174312 0.6719200349650349 0.37061258027522936 0.6704669999999999 0.3788220252293578 0.6608026888111888 0.39099741513761466 0.6532444335664336 0.39770849311926604 0.6439968706293707 0.4157250940366973 0.6296793776223776 0.4234647889908257 0.616936597902098 0.4326731467889908 0.6069944545454545 0.44095872018348625 0.5998762692307693 0.4481279472477064 0.5922662972027972 0.4564316169724771 0.5804898461538461 0.46963562155963307 0.5694363776223776 0.4741256077981651 0.5606461188811188 0.47375008027522936 0.555455513986014 0.4679566697247707 0.554339104895105 0.45822564449541286 0.5615384125874125 0.4519495 0.5695418146853147 0.44559073623853207 0.5810982272727273 0.43513049082568805 0.5944372307692308 0.42910731880733943 0.5993216048951049 0.42176125 0.6125967272727273 0.4171654311926606 0.6220582447552447 0.40839200688073396 0.6307562237762238
0 0.2831631766055046 0.6132779825174826 0.2646252844036697 0.611213486013986 0.26817950458715595 0.6174454615384616 0.3021114128440367 0.6248557167832167 0.309996871559633 0.6233043251748251 0.30586706651376144 0.6146651433566434 0.303158126146789 0.6167022447552448 0.2831631766055046 0.6132779825174826
0 0.28655858486238533 0.6619920594405594 0.29214558256880735 0.6571922377622377 0.30094042431192664 0.6665124230769232 0.30633317889908257 0.6725186258741259 0.31164435550458713 0.6771274405594405 0.30469816743119266 0.6790594160839161 0.2984503509174312 0.6803914125874126 0.2983752431192661 0.688527013986014 0.30658437614678896 0.6862437727272727 0.31984527981651373 0.6825554545454545 0.32881969266055044 0.679247895104895 0.33759339449541287 0.6772133601398601 0.3420870665137615 0.6850925664335664 0.3473395481651376 0.6824144650349651 0.35608390366972476 0.676736472027972 0.35133729357798166 0.6723763706293706 0.3462479633027523 0.6778492412587412 0.34150135550458716 0.6734891398601399 0.33768317889908256 0.670899486013986 0.3331812981651376 0.6707315384615384 0.32967475458715595 0.6719096958041958 0.31714898394495417 0.6688100874125874 0.310386366972477 0.6647541258741259 0.3074193371559633 0.6623702412587413 0.2992525756880734 0.6566188916083916 0.29582739908256883 0.6525974125874127 0.28801295412844036 0.6491549125874126 0.2838404633027523 0.6559313916083915 0.27993255045871557 0.6610297202797203 0.27556649311926606 0.6644904545454546 0.26956004357798163 0.6783557202797202 0.2599413394495413 0.6787846293706294 0.2519268371559633 0.678125527972028 0.2547009724770642 0.6878936573426573 0.2585191513761468 0.6904833146853147 0.26805813073394497 0.6874244615384616 0.27441040137614675 0.6816003146853147 0.2786675504587156 0.6775761083916084 0.28337834633027525 0.6687597587412587 0.28655858486238533 0.6619920594405594
0 0.24143107110091744 0.8259400804195804 0.24670123394495413 0.8222257097902098 0.25368411009174313 0.8182598321678322 0.2592671536697248 0.8146832937062938 0.2598115917431193 0.8048630769230769 0.2474844013761468 0.8130136608391608 0.23761145642201836 0.8162093811188811 0.22858673165137613 0.8182697517482518 0.2234811376146789 0.8230626293706294 0.22283001834862384 0.8293148321678322 0.22926128440366972 0.8246029510489511 0.23480270412844037 0.8255351048951048 0.24143107110091744 0.8259400804195804
0 0.17722649770642201 0.6191523321678322 0.18232130733944954 0.5846861853146853 0.1773988853211009 0.5779068496503497 0.1678606651376147 0.6249864230769231 0.17038481422018348 0.6324588811188812 0.16444001146788992 0.6668103636363636 0.16645676376146787 0.6724691713286712 0.1659606880733945 0.6873568006993007 0.17082751376146788 0.6950662062937063 0.1774180619266055 0.710292993006993 0.18330126605504588 0.7161542167832168 0.18592285779816514 0.708131465034965 0.18074030733944954 0.7022793146853147 0.176809873853211 0.6949392797202797 0.1727877866972477 0.6860292657342658 0.16976856880733945 0.6643044475524476 0.17722649770642201 0.6191523321678322
0 0.5640586536697247 0.0289611013986014 0.5641939082568808 0.028530832167832167 0.5587032408256881 0.02611203146853147 0.5567484541284403 0.033386965034965035 0.5557077614678899 0.05127944755244755 0.5613533119266055 0.04612026223776224 0.5640586536697247 0.0289611013986014
0 0.5427050756880735 0.09181103846153847 0.5376285848623853 0.10142634265734266 0.541852743119266 0.10366952797202797 0.5479120986238533 0.0910463986013986 0.5523508096330275 0.07579777972027972 0.553647116972477 0.06757568181818181 0.5504745458715596 0.0635018881118881 0.5427050756880735 0.09181103846153847
0 0.5302827660550459 0.08672095454545455 0.5216075366972477 0.09819170629370629 0.5161612362385322 0.11337876573426574 0.5096811628440368 0.13996206293706295 0.5134544334862385 0.14506510489510488 0.5153954380733945 0.1359800839160839 0.5193901720183486 0.11709507692307693 0.5236034357798165 0.10327638111888111 0.5294620733944954 0.09515257342657343 0.5358334059633028 0.09184235664335665 0.5302827660550459 0.08672095454545455
0 0.15034908486238532 0.7540627132867133 0.15065619724770643 0.7383338041958042 0.15135914678899082 0.7358439125874126 0.1521845848623853 0.7306084125874126 0.14575420412844037 0.7221765069930071 0.14578258944954128 0.7436523391608392 0.14597207110091742 0.7582002307692308 0.1420361605504587 0.7811958286713288 0.13888886467889908 0.7854084825174825 0.13881828669724772 0.8035745594405594 0.14217859174311925 0.807854437062937 0.1464735229357798 0.7845504020979022 0.15034908486238532 0.7540627132867133
0 0.13281878211009174 0.8396589055944056 0.12907283486238533 0.8634183321678321 0.13323992889908257 0.8652540594405594 0.13426815596330277 0.858027972027972 0.13609521559633028 0.842502048951049 0.13346803440366972 0.8394783251748251 0.13281878211009174 0.8396589055944056
0 0.017008566513761467 0.7218028216783217 0.019216674311926606 0.7335437867132867 0.01950353899082569 0.7380257517482518 0.01916729357798165 0.7582933286713287 0.023061513761467888 0.7766637622377622 0.028908731651376147 0.789447493006993 0.03437730504587156 0.8068997132867133 0.032465908256880734 0.8208600874125874 0.039919087155963304 0.8241434370629371 0.04000428669724771 0.8233472062937063 0.04022658256880734 0.7992686468531469 0.029683394495412845 0.7822671783216782 0.025420245412844038 0.7594361748251748 0.027085577981651378 0.7284717342657343 0.023744614678899083 0.7090972447552448 0.01738164908256881 0.6881244685314685 0.014374022935779817 0.6642690944055945 0.012578850917431193 0.6511228706293706 0.012426428899082569 0.6510557237762238 0.013334694954128439 0.6986423041958042 0.016234300458715597 0.7085398566433567 0.017008566513761467 0.7218028216783217
0 0.1210794380733945 0.22910670979020978 0.12177240825688074 0.2135732902097902 0.11972074082568807 0.20431015734265734 0.10985447247706422 0.19820391958041958 0.10074434174311926 0.19287074475524477 0.0973875114678899 0.1993113041958042 0.10493471788990825 0.20527585664335662 0.11425365366972477 0.211140979020979 0.11662962155963304 0.21834715734265736 0.11615172706422018 0.24365452447552446 0.11446535321100917 0.2543506818181818 0.11774936926605503 0.25579739160839166 0.12077562844036697 0.2421717832167832 0.1210794380733945 0.22910670979020978
0 0.13374068577981651 0.5644913916083916 0.12727354357798165 0.5512765349650349 0.11749374770642203 0.5415779825174825 0.1149355252293578 0.5350607482517483 0.11047055504587157 0.5231425454545454 0.10343986697247706 0.5117526048951049 0.1000810871559633 0.5015656153846154 0.0983561376146789 0.5107569790209789 0.10309242201834862 0.5244532482517482 0.10924052752293578 0.5379421888111887 0.11388887155963304 0.5486972727272728 0.12086593348623853 0.553429416083916 0.1254263371559633 0.5612433111888112 0.1301969380733945 0.5712229755244754 0.13497503440366973 0.5741571398601398 0.13374068577981651 0.5644913916083916
0 0.10903519036697248 0.1038554055944056 0.1098583876146789 0.09515945454545455 0.10384620183486239 0.09333440909090909 0.10302887155963303 0.1106797937062937 0.09469354357798165 0.15312432167832168 0.10048368348623854 0.15114575174825176 0.1049223623853211 0.11604322727272728 0.10958421559633028 0.14033165034965037 0.11233497706422019 0.13330835664335663 0.11123805733944954 0.1159432027972028 0.10903519036697248 0.1038554055944056
0 0.07381076146788991 0.031927639860139856 0.06730551376146789 0.040179248251748255 0.06250112385321101 0.05160528321678322 0.06184998623853211 0.055735262237762234 0.06338652293577982 0.06851088811188812 0.07392156192660551 0.06944609790209791 0.07557382110091744 0.060703615384615384 0.07342421100917432 0.05522734965034965 0.07548062614678899 0.04913344055944056 0.08117599082568808 0.05123066433566434 0.08418874082568807 0.052969625874125875 0.08772118119266055 0.0479377027972028 0.07850082339449542 0.043875856643356644 0.07939803669724771 0.03644777272727273 0.08404973623853211 0.027791370629370628 0.09056085321100918 0.02818918881118881 0.09490283486238532 0.0033673951048951048 0.08785377064220183 0.0031172762237762237 0.08582340137614677 0.018278867132867135 0.07381076146788991 0.031927639860139856
0 0.23543612155963303 0.011845132867132867 0.23366716055045872 0.02013617832167832 0.23140695642201836 0.024394818181818184 0.22830853440366972 0.04404718181818182 0.22596404816513763 0.04667825174825175 0.20890564449541282 0.17304851748251748 0.2083583876146789 0.1810630804195804 0.2049420642201835 0.2057607832167832 0.20222321330275228 0.21248337062937062 0.1832635596330275 0.3231997272727273 0.18631047935779815 0.324541986013986 0.17705351605504588 0.38472064335664335 0.17871684403669727 0.39090765384615384 0.17442008027522937 0.42025287412587414 0.15953094724770642 0.5271087517482518 0.15722723394495414 0.5311190734265735 0.14906657568807338 0.5813652097902098 0.14527472477064218 0.6008723076923077 0.14026443119266055 0.6417380489510489 0.12072920642201836 0.7989629545454545 0.1163901009174312 0.8264846153846154 0.11317843119266055 0.8564163706293706 0.11653516743119266 0.8578951153846154 0.12411819036697247 0.812300958041958 0.12385498394495413 0.8003399545454545 0.12879426605504588 0.7644681048951049 0.12815416055045872 0.7609556503496504 0.12919575688073395 0.7452621573426573 0.13126459174311925 0.7397126048951049 0.13301730963302752 0.7225376748251747 0.13587477064220183 0.7044136573426574 0.13862639908256882 0.6869609020979022 0.14032620183486239 0.6701216013986013 0.1427190252293578 0.6564591293706293 0.14365990366972475 0.6489769125874125 0.1457004128440367 0.6330055874125875 0.14902251146788992 0.6104200244755245 0.16322719495412844 0.5233529440559441 0.16746046788990826 0.496502541958042 0.1701475756880734 0.47794453846153845 0.17364002752293578 0.45579296153846155 0.17656850229357798 0.43267505244755244 0.18267193119266056 0.38941933916083915 0.18251795412844035 0.3667983496503497 0.18971761697247708 0.3250422622377622 0.19143594266055045 0.31023420979020977 0.19006879128440365 0.30547366083916083 0.20320264449541284 0.22534922727272727 0.20504112155963303 0.22163753846153847 0.20699750917431192 0.21081859790209792 0.21421769495412846 0.16964558041958042 0.2127374266055046 0.16540406643356642 0.2297828486238532 0.05123207692307692 0.23369075917431192 0.046133748251748256 0.23715999999999998 0.021100416083916083 0.23961596788990824 0.022182342657342657 0.2426351467889908 0.008609318181818182 0.23883288073394496 0.008474402097902097 0.23848577064220183 0.010676010489510489 0.23543612155963303 0.011845132867132867
1 0.08164704587155963 0.14976965384615384 0.07791735779816512 0.13556367832167832 0.08718452981651377 0.008632667832167831 0.06529468348623854 0.03388657692307692 0.05165413073394496 0.12040453146853147 0.052299350917431195 0.131457 0.04153519036697247 0.24516560839160836 0.010843947247706421 0.439830993006993 0.008378071100917431 0.43895077622377626 0.013275266055045871 0.6955286993006993 0.01783712155963303 0.7210909999999999 0.11740956651376147 0.06681533216783217 0.1257758119266055 0.0044628496503496505 0.11535957339449542 0.004093251748251749 0.09301708715596331 0.14580497202797202 0.08164704587155963 0.14976965384615384
1 0.23685207110091744 0.18763212587412587 0.19716511926605507 0.43935461188811187 0.19962994036697246 0.4691557237762238 0.1753535275229358 0.5625541363636363 0.1618668463302752 0.5799440174825174 0.14794149311926608 0.5773988916083916 0.1369589747706422 0.5258984300699301 0.10461729816513762 0.48114096153846153 0.1047077866972477 0.4578496608391609 0.0800576123853211 0.4703216853146853 0.09297579357798166 0.554979562937063 0.14948963073394497 0.6660214475524475 0.14654679816513763 0.7149767832167833 0.16134949541284405 0.7573919195804196 0.15521067889908258 0.8749328356643357 0.16072513073394495 0.8773621153846154 0.22835603440366972 0.8245991153846154 0.3094433256880734 0.8100687517482518 0.36829411697247705 0.7624113741258741 0.3706822155963303 0.6791122622377623 0.3444189908256881 0.6639531118881119 0.3112255458715596 0.6170257132867133 0.30917382110091746 0.5694595314685316 0.26313891513761467 0.550974486013986 0.34297706422018354 0.1051645909090909 0.3652784770642202 0.07730022377622377 0.3981237385321101 0.08100131468531468 0.49095483256880734 0.14343265384615383 0.5509150894495413 0.16446282867132866 0.5567358440366973 0.12754352797202798 0.5394938990825687 0.09302735664335664 0.4940137270642202 0.10888608041958042 0.4698671376146789 0.08030173776223777 0.4598524495412844 0.04537997552447553 0.4629760389908257 0.016427576923076923 0.28523652752293577 0.010120923076923078 0.2645355665137615 0.10291345804195805 0.23685207110091744 0.18763212587412587